{"metadata":{"language_info":{"name":"python","version":"3.7.6","mimetype":"text/x-python","codemirror_mode":{"name":"ipython","version":3},"pygments_lexer":"ipython3","nbconvert_exporter":"python","file_extension":".py"},"kernelspec":{"name":"python3","display_name":"Python 3","language":"python"}},"nbformat_minor":4,"nbformat":4,"cells":[{"cell_type":"markdown","source":"# Таблица умножения","metadata":{}},{"cell_type":"code","source":"for i in range( 1, 10 ):\n  for j in range( 1, 10 ):\n    if ( i * j ) == 1:\n      print( '{0:4s}' . format( '' ), end='' )\n    else:\n      print( '{0:4d}' . format( i * j ), end='' )\n  print()","metadata":{"trusted":true},"execution_count":1,"outputs":[{"name":"stdout","text":"       2   3   4   5   6   7   8   9\n   2   4   6   8  10  12  14  16  18\n   3   6   9  12  15  18  21  24  27\n   4   8  12  16  20  24  28  32  36\n   5  10  15  20  25  30  35  40  45\n   6  12  18  24  30  36  42  48  54\n   7  14  21  28  35  42  49  56  63\n   8  16  24  32  40  48  56  64  72\n   9  18  27  36  45  54  63  72  81\n","output_type":"stream"}]},{"cell_type":"code","source":"","metadata":{},"execution_count":null,"outputs":[]}]}